Customized_Data

VEHICLE
NUMBER     CAPACITY
  900         6

CUSTOMER
CUST NO.  XCOORD.   YCOORD.    DEMAND   READY TIME  DUE DATE   SERVICE   TIME
 
    0      85         85          0          0        900         0
    1      70         69          0          0         50        72
    2      59         80          0          0         50        72
    3      60         79          0        125        155        72
    4      78         93          0        230        260        72
    5      88         77          0        330        360        72
    6      73         59          0        330        360        72
    7      59         99          0        330        360        72
    8      52        102          0        230        260        72
    9      65        109          0        330        360        72
   10      73         65          0        420        450        72
   11      86        117          0        420        450        72
   12      81        100          0        600        630        72
   13      95         87          0        770        810        72
   14      88         58          0        510        540        72
   15      92         68          0        600        630        72
   16      87         44          0          0         50        72
   17      46         44          0        125        155        72
   18     102         74          0        230        260        72
   19      68         46          0        125        155        72
   20      43         30          0        230        260        72
   21      70         48          0        230        260        72
   22      94        110          0        510        540        72
   23      85         97          0        360        900        72
   24      89        103          0        510        540        72
   25      93         62          0        420        450        72
   26      71        127          0        510        540        72
   27      64        134          0        600        630        72
   28     104         83          0        600        630        72
   29     103         89          0        685        720        72
   30      72          9          0        685        720        72
   31      98         53          0          0         50        72
   32     107         42          0        125        155        72
   33       6        151          0          0         50        72
   34       3        136          0        125        155        72
   35      76        105          0        420        450        72
   36      89         28          0        330        360        72
   37      87         28          0        420        450        72
   38     102          3          0        600        630        72