    0      85         85
    1      70         69
    2      59         80
    3      60         79
    4      78         93
    5      88         77   
    6      73         59
    7      59         99
    8      52        102
    9      65        109
   10      73         65
   11      86        117
   12      81        100
   13      95         87
   14      88         58
   15      92         68
   16      87         44
   17      46         44
   18     102         74
   19      68         46
   20      43         30   
   21      70         48
   22      94        110
   23      85         97
   24      89        103
   25      93         62
   26      71        127
   27      64        134
   28     104         83
   29     103         89
   30      72          9
   31      98         53
   32     107         42
   33       6        151
   34       3        136
   35      76        105   
   36      89         28
   37      87         28
   38     102          3